58
0 1
2 3
4 5
6 5
7 8
7 9
7 10
7 11
7 12
7 5
13 14
15 16
17 18
19 16
19 14
20 8
20 21
3 2
3 22
3 10
3 23
3 24
3 25
26 8
26 11
26 18
26 5
27 1
27 28
8 7
8 20
8 26
8 29
8 1
8 11
8 18
8 21
8 30
8 31
8 24
8 5
32 1
9 7
9 5
29 8
33 1
33 10
33 11
1 0
1 27
1 8
1 32
1 33
1 34
1 11
1 18
1 35
1 36
1 31
1 16
1 14
1 24
37 18
37 35
38 18
34 1
34 11
34 39
40 31
40 14
41 18
42 14
22 3
10 7
10 3
10 33
10 23
10 30
10 43
10 24
10 12
10 5
11 7
11 26
11 8
11 33
11 1
11 34
11 18
11 30
11 24
11 5
44 43
23 3
23 10
23 45
23 31
23 16
23 46
23 43
47 12
18 17
18 26
18 8
18 1
18 37
18 38
18 41
18 11
18 48
18 14
18 28
49 12
21 20
21 8
21 30
21 48
21 39
21 5
30 8
30 10
30 11
30 21
30 50
30 5
35 1
35 37
35 48
35 14
35 51
35 28
45 23
52 24
50 30
36 1
36 14
36 53
31 8
31 1
31 40
31 23
31 16
31 14
48 18
48 21
48 35
54 24
16 15
16 19
16 1
16 23
16 31
16 14
16 55
46 23
39 34
39 21
39 43
43 10
43 44
43 23
43 39
43 24
43 5
14 13
14 19
14 1
14 40
14 42
14 18
14 35
14 36
14 31
14 16
14 55
14 56
51 35
28 27
28 18
28 35
55 16
55 14
24 3
24 8
24 1
24 10
24 11
24 52
24 54
24 43
24 57
24 25
24 5
57 24
12 7
12 10
12 47
12 49
12 5
25 3
25 24
53 36
56 14
5 4
5 6
5 7
5 26
5 8
5 9
5 10
5 11
5 21
5 30
5 43
5 24
5 12
