24 24 3
24 25 2
24 26 4
24 27 4
24 20 4
24 21 3
24 22 5
24 23 3
24 28 1
24 29 2
24 3 3
24 2 3
24 5 3
24 4 5
24 7 3
24 6 2
24 9 3
24 8 5
24 11 2
24 10 4
24 13 1
24 12 4
24 15 3
24 14 2
24 17 2
24 16 2
24 33 3
24 18 2
24 31 2
24 30 3
24 35 2
24 34 5
24 19 1
24 32 1
25 25 2
25 26 3
25 27 3
25 20 4
25 21 5
25 22 3
25 23 1
25 28 2
25 29 2
25 3 4
25 2 1
25 5 4
25 4 5
25 7 3
25 6 3
25 9 4
25 8 5
25 11 5
25 10 2
25 13 2
25 12 5
25 15 4
25 14 2
25 17 2
25 16 5
25 33 2
25 18 1
25 31 4
25 30 5
25 35 4
25 34 2
25 19 4
25 32 4
26 26 3
26 27 1
26 20 2
26 21 4
26 22 5
26 23 3
26 28 3
26 29 3
26 3 3
26 2 4
26 5 2
26 4 5
26 7 4
26 6 1
26 9 1
26 8 1
26 11 3
26 10 2
26 13 5
26 12 4
26 15 2
26 14 3
26 17 5
26 16 2
26 33 1
26 18 5
26 31 3
26 30 4
26 35 2
26 34 1
26 19 1
26 32 1
27 27 4
27 20 4
27 21 4
27 22 4
27 23 3
27 28 5
27 29 3
27 3 1
27 2 3
27 5 4
27 4 2
27 7 5
27 6 4
27 9 1
27 8 4
27 11 3
27 10 1
27 13 1
27 12 3
27 15 1
27 14 5
27 17 2
27 16 1
27 33 3
27 18 4
27 31 2
27 30 2
27 35 1
27 34 1
27 19 1
27 32 5
20 20 2
20 21 4
20 22 5
20 23 3
20 28 1
20 29 5
20 3 3
20 2 5
20 5 3
20 4 1
20 7 3
20 6 1
20 9 2
20 8 4
20 11 2
20 10 1
20 13 4
20 12 5
20 15 5
20 14 4
20 17 1
20 16 1
20 33 3
20 18 2
20 31 3
20 30 5
20 35 2
20 34 3
20 19 2
20 32 4
21 21 1
21 22 2
21 23 4
21 28 4
21 29 3
21 3 5
21 2 3
21 5 4
21 4 1
21 7 3
21 6 1
21 9 3
21 8 2
21 11 3
21 10 5
21 13 4
21 12 3
21 15 5
21 14 4
21 17 5
21 16 2
21 33 1
21 18 4
21 31 5
21 30 5
21 35 2
21 34 1
21 19 3
21 32 1
22 22 3
22 23 4
22 28 4
22 29 1
22 3 3
22 2 2
22 5 4
22 4 5
22 7 5
22 6 3
22 9 5
22 8 2
22 11 4
22 10 2
22 13 2
22 12 3
22 15 3
22 14 1
22 17 5
22 16 1
22 33 3
22 18 4
22 31 2
22 30 2
22 35 2
22 34 1
22 19 4
22 32 3
23 23 4
23 28 4
23 29 3
23 3 2
23 2 2
23 5 5
23 4 2
23 7 5
23 6 3
23 9 5
23 8 5
23 11 2
23 10 4
23 13 3
23 12 4
23 15 2
23 14 3
23 17 5
23 16 1
23 33 5
23 18 3
23 31 2
23 30 1
23 35 4
23 34 3
23 19 2
23 32 5
28 28 1
28 29 3
28 3 2
28 2 5
28 5 2
28 4 1
28 7 2
28 6 2
28 9 1
28 8 2
28 11 3
28 10 3
28 13 1
28 12 4
28 15 2
28 14 4
28 17 2
28 16 5
28 33 3
28 18 4
28 31 3
28 30 3
28 35 2
28 34 3
28 19 1
28 32 2
29 29 4
29 3 4
29 2 4
29 5 4
29 4 5
29 7 4
29 6 5
29 9 5
29 8 2
29 11 4
29 10 2
29 13 5
29 12 5
29 15 5
29 14 1
29 17 1
29 16 2
29 33 3
29 18 5
29 31 5
29 30 5
29 35 1
29 34 5
29 19 3
29 32 2
3 3 1
3 2 3
3 5 2
3 4 2
3 7 3
3 6 2
3 9 2
3 8 2
3 11 5
3 10 4
3 13 5
3 12 3
3 15 1
3 14 2
3 17 1
3 16 2
3 33 1
3 18 2
3 31 5
3 30 3
3 35 5
3 34 3
3 19 1
3 32 1
2 2 2
2 5 5
2 4 4
2 7 2
2 6 1
2 9 3
2 8 4
2 11 3
2 10 3
2 13 3
2 12 1
2 15 2
2 14 5
2 17 4
2 16 1
2 33 4
2 18 2
2 31 5
2 30 2
2 35 2
2 34 2
2 19 1
2 32 5
5 5 5
5 4 5
5 7 4
5 6 1
5 9 1
5 8 3
5 11 2
5 10 3
5 13 3
5 12 4
5 15 5
5 14 3
5 17 3
5 16 5
5 33 1
5 18 4
5 31 1
5 30 4
5 35 1
5 34 2
5 19 4
5 32 1
4 4 3
4 7 3
4 6 1
4 9 1
4 8 5
4 11 1
4 10 3
4 13 5
4 12 1
4 15 5
4 14 5
4 17 4
4 16 3
4 33 5
4 18 3
4 31 1
4 30 2
4 35 1
4 34 1
4 19 5
4 32 2
7 7 5
7 6 3
7 9 1
7 8 2
7 11 4
7 10 3
7 13 2
7 12 5
7 15 2
7 14 4
7 17 4
7 16 5
7 33 1
7 18 1
7 31 4
7 30 1
7 35 3
7 34 1
7 19 5
7 32 5
6 6 2
6 9 1
6 8 5
6 11 4
6 10 1
6 13 4
6 12 1
6 15 4
6 14 5
6 17 4
6 16 3
6 33 2
6 18 2
6 31 3
6 30 3
6 35 3
6 34 2
6 19 4
6 32 3
9 9 3
9 8 2
9 11 4
9 10 3
9 13 3
9 12 5
9 15 3
9 14 4
9 17 4
9 16 4
9 33 2
9 18 4
9 31 4
9 30 1
9 35 1
9 34 5
9 19 5
9 32 4
8 8 4
8 11 2
8 10 2
8 13 4
8 12 1
8 15 3
8 14 5
8 17 4
8 16 3
8 33 1
8 18 3
8 31 5
8 30 3
8 35 2
8 34 5
8 19 5
8 32 4
11 11 1
11 10 3
11 13 4
11 12 5
11 15 2
11 14 3
11 17 4
11 16 4
11 33 5
11 18 3
11 31 5
11 30 1
11 35 5
11 34 3
11 19 3
11 32 2
10 10 3
10 13 3
10 12 5
10 15 1
10 14 1
10 17 1
10 16 4
10 33 3
10 18 5
10 31 1
10 30 1
10 35 3
10 34 3
10 19 4
10 32 2
13 13 2
13 12 5
13 15 5
13 14 1
13 17 1
13 16 1
13 33 5
13 18 5
13 31 4
13 30 4
13 35 2
13 34 1
13 19 1
13 32 5
12 12 1
12 15 3
12 14 1
12 17 3
12 16 5
12 33 1
12 18 1
12 31 5
12 30 5
12 35 4
12 34 3
12 19 5
12 32 3
15 15 2
15 14 3
15 17 5
15 16 4
15 33 2
15 18 3
15 31 4
15 30 4
15 35 4
15 34 3
15 19 1
15 32 3
14 14 4
14 17 4
14 16 4
14 33 3
14 18 2
14 31 5
14 30 1
14 35 3
14 34 1
14 19 1
14 32 3
17 17 2
17 16 2
17 33 1
17 18 3
17 31 4
17 30 2
17 35 2
17 34 3
17 19 1
17 32 5
16 16 1
16 33 4
16 18 5
16 31 4
16 30 4
16 35 5
16 34 5
16 19 1
16 32 1
33 33 1
33 18 1
33 31 2
33 30 2
33 35 3
33 34 2
33 19 4
33 32 5
18 18 4
18 31 4
18 30 2
18 35 3
18 34 2
18 19 1
18 32 4
31 31 5
31 30 3
31 35 1
31 34 3
31 19 3
31 32 4
30 30 4
30 35 5
30 34 4
30 19 2
30 32 4
35 35 3
35 34 5
35 19 4
35 32 3
34 34 5
34 19 2
34 32 2
19 19 2
19 32 2
32 32 4
0 0 5
0 1 5
0 2 2
0 3 4
0 4 3
0 5 2
0 6 4
0 7 2
0 8 2
0 9 5
0 10 5
0 11 2
0 12 5
0 13 2
0 14 2
0 15 4
0 16 3
0 17 5
0 18 5
0 19 4
0 20 5
0 21 2
0 22 2
0 23 5
0 24 2
0 25 5
0 26 2
0 27 3
0 28 4
0 29 2
0 30 5
0 31 3
0 32 3
0 33 2
0 34 2
0 35 3
1 1 5
1 2 2
1 3 5
1 4 5
1 5 2
1 6 5
1 7 3
1 8 2
1 9 2
1 10 4
1 11 2
1 12 5
1 13 4
1 14 5
1 15 2
1 16 4
1 17 4
1 18 3
1 19 2
1 20 5
1 21 2
1 22 2
1 23 3
1 24 2
1 25 4
1 26 4
1 27 3
1 28 2
1 29 5
1 30 5
1 31 3
1 32 3
1 33 5
1 34 3
1 35 2
